--------- Slight-Right-Turn INVERSE ---------
[[ 3.83890022e+00  1.01303083e+01  1.54149163e+00  2.50093682e-01]
 [ 1.01303083e+01  7.54014201e+02  3.43716532e+01 -8.31222002e+00]
 [ 1.54149163e+00  3.43716532e+01  9.96570880e+00 -1.34904419e-02]
 [ 2.50093682e-01 -8.31222002e+00 -1.34904419e-02  1.11858824e+01]]

--------- Sharp-Right-Turn INVERSE ---------
[[ 1.89851022e+02 -4.08267190e-02  2.99340280e+00  8.68162695e-01]
 [-4.08267190e-02  1.01605750e+01  1.03120004e+00 -6.96128598e-01]
 [ 2.99340280e+00  1.03120004e+00  2.39457944e+00  5.08858562e-02]
 [ 8.68162695e-01 -6.96128598e-01  5.08858562e-02  9.49113379e-01]]

--------- Move-Forward INVERSE ---------
[[ 2.36563735e+00  8.88333720e-02  4.22463105e-01  7.09727631e-01]
 [ 8.88333720e-02  1.15588595e+02  2.74470739e+00 -2.91304576e+00]
 [ 4.22463105e-01  2.74470739e+00  3.75968511e+00 -4.50295309e-01]
 [ 7.09727631e-01 -2.91304576e+00 -4.50295309e-01  3.28884242e+00]]

--------- Slight-Left-Turn INVERSE ---------
[[ 22.14255881  -1.47288851 -11.64605731   6.17678168]
 [ -1.47288851   3.88689248   1.54978869  -0.89764765]
 [-11.64605731   1.54978869  19.09360192   0.6365148 ]
 [  6.17678168  -0.89764765   0.6365148    7.87636626]]

--------- Slight-Right-Turn INVERSE ---------
[[ 3.83890022e+00  1.01303083e+01  1.54149163e+00  2.50093682e-01]
 [ 1.01303083e+01  7.54014201e+02  3.43716532e+01 -8.31222002e+00]
 [ 1.54149163e+00  3.43716532e+01  9.96570880e+00 -1.34904419e-02]
 [ 2.50093682e-01 -8.31222002e+00 -1.34904419e-02  1.11858824e+01]]

--------- Sharp-Right-Turn INVERSE ---------
[[ 1.89851022e+02 -4.08267190e-02  2.99340280e+00  8.68162695e-01]
 [-4.08267190e-02  1.01605750e+01  1.03120004e+00 -6.96128598e-01]
 [ 2.99340280e+00  1.03120004e+00  2.39457944e+00  5.08858562e-02]
 [ 8.68162695e-01 -6.96128598e-01  5.08858562e-02  9.49113379e-01]]

--------- Move-Forward INVERSE ---------
[[ 2.36563735e+00  8.88333720e-02  4.22463105e-01  7.09727631e-01]
 [ 8.88333720e-02  1.15588595e+02  2.74470739e+00 -2.91304576e+00]
 [ 4.22463105e-01  2.74470739e+00  3.75968511e+00 -4.50295309e-01]
 [ 7.09727631e-01 -2.91304576e+00 -4.50295309e-01  3.28884242e+00]]

--------- Slight-Left-Turn INVERSE ---------
[[ 22.14255881  -1.47288851 -11.64605731   6.17678168]
 [ -1.47288851   3.88689248   1.54978869  -0.89764765]
 [-11.64605731   1.54978869  19.09360192   0.6365148 ]
 [  6.17678168  -0.89764765   0.6365148    7.87636626]]

--------- Slight-Right-Turn INVERSE ---------
[[ 3.83890022e+00  1.01303083e+01  1.54149163e+00  2.50093682e-01]
 [ 1.01303083e+01  7.54014201e+02  3.43716532e+01 -8.31222002e+00]
 [ 1.54149163e+00  3.43716532e+01  9.96570880e+00 -1.34904419e-02]
 [ 2.50093682e-01 -8.31222002e+00 -1.34904419e-02  1.11858824e+01]]

--------- Sharp-Right-Turn INVERSE ---------
[[ 1.89851022e+02 -4.08267190e-02  2.99340280e+00  8.68162695e-01]
 [-4.08267190e-02  1.01605750e+01  1.03120004e+00 -6.96128598e-01]
 [ 2.99340280e+00  1.03120004e+00  2.39457944e+00  5.08858562e-02]
 [ 8.68162695e-01 -6.96128598e-01  5.08858562e-02  9.49113379e-01]]

--------- Move-Forward INVERSE ---------
[[ 2.36563735e+00  8.88333720e-02  4.22463105e-01  7.09727631e-01]
 [ 8.88333720e-02  1.15588595e+02  2.74470739e+00 -2.91304576e+00]
 [ 4.22463105e-01  2.74470739e+00  3.75968511e+00 -4.50295309e-01]
 [ 7.09727631e-01 -2.91304576e+00 -4.50295309e-01  3.28884242e+00]]

--------- Slight-Left-Turn INVERSE ---------
[[ 22.14255881  -1.47288851 -11.64605731   6.17678168]
 [ -1.47288851   3.88689248   1.54978869  -0.89764765]
 [-11.64605731   1.54978869  19.09360192   0.6365148 ]
 [  6.17678168  -0.89764765   0.6365148    7.87636626]]

